0.666091223
0.899661486
0.372783525
0.749106814
0.092688494
0.13774401
0.119074374
0.19517865
0.34898504
0.045392092
0.706278773
0.280296954
0.200510617
0.147779326
0.717508284
0.66773556
0.148787584
0.866869311
0.616876786
0.431797891
0.003468661
0.632734598
0.648520453
0.161654933
0.137043278
0.245501819
0.856062607
0.063880529
0.546633752
0.47137356
0.052317223
0.892444018
0.099786447
0.326657765
0.687543677
0.542040537
0.055349459
0.49163209
0.513012552
0.339015614
0.631159003
0.067031
0.88007483
0.539775776
0.890621074
0.632873233
0.427990823
0.245786165
0.127733498
0.839171182
0.541288784
0.088864719
0.19233348
0.818564249
0.354438035
0.301222912
0.079568531
0.720522707
0.024634596
0.95653799
